Data = [000001   0006   0169   0007   0011   0049   0121   0014   0165
000002   0006   0170   0007   0011   0049   0121   0014   0165
000003   0006   0169   0006   0011   0049   0121   0014   0165
000004   0006   0169   0007   0011   0049   0121   0014   0165
000005   0006   0169   0006   0011   0049   0121   0014   0165
000006   0006   0169   0007   0011   0049   0120   0014   0165
000007   0006   0169   0006   0011   0049   0120   0014   0165
000008   0006   0169   0007   0011   0049   0121   0014   0165
000009   0006   0169   0006   0011   0049   0121   0014   0165
000010   0006   0169   0007   0011   0049   0121   0014   0165
000011   0006   0169   0006   0011   0049   0121   0014   0165
000012   0006   0169   0006   0011   0049   0121   0014   0165
000013   0006   0169   0007   0011   0049   0120   0014   0165
000014   0006   0169   0006   0011   0049   0120   0014   0165
000015   0006   0169   0007   0011   0049   0120   0014   0165
000016   0006   0169   0007   0011   0049   0121   0015   0166
000017   0006   0169   0007   0013   0054   0121   0017   0193
000018   0007   0177   0009   0015   0060   0123   0020   0216
000019   0008   0190   0011   0016   0066   0124   0020   0231
000020   0008   0203   0011   0016   0069   0125   0021   0240
000021   0008   0216   0011   0016   0072   0127   0021   0247
000022   0009   0227   0012   0016   0073   0128   0021   0252
000023   0009   0237   0011   0016   0073   0129   0021   0257
000024   0009   0245   0011   0016   0073   0131   0022   0260
000025   0009   0253   0012   0016   0073   0131   0022   0263
000026   0009   0259   0011   0016   0073   0132   0021   0265
000027   0009   0264   0012   0016   0073   0133   0021   0267
000028   0009   0269   0012   0016   0074   0134   0020   0268
000029   0009   0273   0012   0016   0074   0134   0020   0270
000030   0009   0276   0012   0016   0074   0135   0020   0271
000031   0009   0279   0012   0016   0074   0136   0020   0272
000032   0009   0282   0012   0016   0074   0136   0020   0274
000033   0009   0284   0012   0016   0074   0136   0020   0275
000034   0009   0286   0012   0016   0074   0137   0020   0276
000035   0009   0288   0012   0016   0074   0137   0020   0277
000036   0009   0290   0012   0016   0074   0138   0020   0278
000037   0009   0292   0012   0016   0074   0138   0020   0278
000038   0009   0293   0012   0016   0074   0138   0020   0279
000039   0009   0295   0011   0016   0075   0138   0020   0280
000040   0009   0296   0012   0016   0075   0139   0020   0280
000041   0009   0297   0012   0016   0075   0139   0020   0281
000042   0009   0298   0012   0016   0075   0139   0020   0282
000043   0009   0300   0012   0016   0075   0139   0020   0282
000044   0009   0300   0012   0016   0075   0139   0020   0283
000045   0009   0301   0012   0016   0075   0139   0020   0283
000046   0009   0302   0011   0016   0074   0139   0020   0284
000047   0008   0303   0012   0016   0073   0140   0020   0284
000048   0009   0304   0011   0016   0073   0140   0020   0285
000049   0009   0304   0012   0016   0073   0140   0020   0285
000050   0008   0304   0012   0016   0073   0140   0020   0286
000051   0009   0305   0011   0016   0073   0140   0020   0286
000052   0009   0305   0012   0016   0072   0140   0020   0287
000053   0008   0305   0012   0016   0072   0140   0020   0287
000054   0009   0305   0011   0017   0072   0140   0020   0288
000055   0009   0305   0011   0016   0072   0140   0020   0288
000056   0008   0305   0012   0017   0072   0140   0020   0289
000057   0009   0305   0011   0016   0072   0140   0020   0289
000058   0008   0305   0012   0016   0072   0140   0020   0289
000059   0008   0305   0011   0016   0071   0140   0020   0290
000060   0009   0305   0011   0016   0072   0140   0020   0290
000061   0008   0305   0011   0017   0071   0140   0020   0290
000062   0009   0305   0011   0017   0071   0140   0020   0291
000063   0009   0305   0011   0016   0071   0140   0020   0291
000064   0009   0305   0012   0016   0071   0140   0020   0291
000065   0008   0305   0011   0016   0071   0139   0020   0292
000066   0008   0305   0012   0016   0071   0140   0020   0292
000067   0008   0305   0011   0017   0071   0140   0020   0292
000068   0008   0304   0011   0017   0070   0140   0020   0292
000069   0008   0304   0011   0016   0070   0139   0020   0292
000070   0008   0304   0011   0017   0070   0139   0020   0293
000071   0009   0304   0011   0016   0070   0139   0020   0293
000072   0009   0304   0011   0016   0070   0139   0020   0293
000073   0008   0304   0011   0017   0071   0139   0020   0293
000074   0008   0304   0011   0017   0071   0139   0020   0293
000075   0008   0304   0011   0017   0072   0139   0020   0293
000076   0009   0303   0011   0016   0072   0139   0020   0294
000077   0008   0303   0011   0017   0072   0139   0020   0293
000078   0008   0303   0011   0016   0072   0139   0020   0294
000079   0008   0303   0011   0016   0072   0139   0020   0294
000080   0008   0304   0011   0016   0072   0139   0020   0294   ];
